2>5
5>11
11>23
23>47
47>19
19>13
13>3
3>7
7>5
17>7
29>59
59>17
31>7
37>5
41>83
83>167
167>67
67>5
43>29
53>107
107>43
61>41
71>13
73>7
79>53
89>179
179>359
359>719
719>1439
1439>2879
2879>443
443>887
887>71
97>13
101>29
103>23
109>73
113>227
227>13
127>17
131>263
263>31
137>11
139>31
149>23
151>101
157>7
163>109
173>347
347>139
181>11
191>383
383>59
193>43
197>79
199>19
Depth and Land Values for each seed: 
2 | 1 | 5
5 | 0 | 5
11 | 0 | 11
23 | 0 | 23
47 | 0 | 47
19 | 0 | 19
13 | 0 | 13
3 | 0 | 3
7 | 0 | 7
17 | 1 | 7
29 | 3 | 7
59 | 2 | 7
31 | 1 | 7
37 | 1 | 5
41 | 4 | 5
83 | 3 | 5
167 | 2 | 5
67 | 1 | 5
43 | 4 | 7
53 | 6 | 7
107 | 5 | 7
61 | 5 | 5
71 | 1 | 13
73 | 1 | 7
79 | 7 | 7
89 | 9 | 13
179 | 8 | 13
359 | 7 | 13
719 | 6 | 13
1439 | 5 | 13
2879 | 4 | 13
443 | 3 | 13
887 | 2 | 13
97 | 1 | 13
101 | 4 | 7
103 | 1 | 23
109 | 2 | 7
113 | 2 | 13
227 | 1 | 13
127 | 2 | 7
131 | 3 | 7
263 | 2 | 7
137 | 1 | 11
139 | 2 | 7
149 | 1 | 23
151 | 5 | 7
157 | 1 | 7
163 | 3 | 7
173 | 4 | 7
347 | 3 | 7
181 | 1 | 11
191 | 4 | 7
383 | 3 | 7
193 | 5 | 7
197 | 8 | 7
199 | 1 | 19
Maximum depth: 9
5 : 3 | 1 | 1 | 1 | 1 | 0 | 0 | 0 | 0 | 
-------------------------------------------------------
11 : 2 | 0 | 0 | 0 | 0 | 0 | 0 | 0 | 0 | 
-------------------------------------------------------
23 : 2 | 0 | 0 | 0 | 0 | 0 | 0 | 0 | 0 | 
-------------------------------------------------------
47 : 0 | 0 | 0 | 0 | 0 | 0 | 0 | 0 | 0 | 
-------------------------------------------------------
19 : 1 | 0 | 0 | 0 | 0 | 0 | 0 | 0 | 0 | 
-------------------------------------------------------
13 : 3 | 2 | 1 | 1 | 1 | 1 | 1 | 1 | 1 | 
-------------------------------------------------------
3 : 0 | 0 | 0 | 0 | 0 | 0 | 0 | 0 | 0 | 
-------------------------------------------------------
7 : 4 | 5 | 5 | 4 | 3 | 1 | 1 | 1 | 0 | 
-------------------------------------------------------
